
1. Soluciones: 
[(3.7980338021387645, -4.106709037372914), (0.4278824401363357, -1.9130304841109922), (1.6871260685975837, -3.105227796224886), (-2.533483930762459, -4.914967084757841), (4.49100137652175, 1.0254411540924737), (4.669126370798665, -1.929722265004774), (2.1195608129545693, 0.5785731567863603), (1.9305053016361153, -1.3085521639073594), (4.844551742240062, -2.3403526352552753), (4.970470314068548, -2.994750890000377), (-4.872381253458801, -4.752420179585721), (-3.0038851321067783, 2.4743688443407432), (0.020151000844734313, 1.0142570959237993), (4.9091961256962, 3.740348198841044), (-2.614153746904051, -3.7313599603010514), (-0.4800063925781348, 0.8258300793960229), (-1.5701005276065052, -3.5179627782455913), (-1.6454016281129191, 0.09079731214818665), (0.5661427397711174, 0.4367244995573234), (1.4036289597987537, 3.4923726065453398)]
2. Soluciones: 
[(0.5661427397711174, 0.4367244995573234), (0.020151000844734313, 0.8832252463585812), (-0.4800063925781348, 0.8258300793960229), (0.020151000844734313, 1.0142570959237993), (0.4278824401363357, -0.9379100639272334), (0.4278824401363357, -0.9970546072522446), (0.6992153371619165, -1.3085521639073594), (-1.6454016281129191, 0.09079731214818665), (0.4278824401363357, -1.9130304841109922), (2.1195608129545693, -0.37324991185667455), (0.5661427397711174, 0.4367244995573234), (-0.2647748699853114, 2.906612325912999), (0.36846946395404956, -1.6703907282204766), (-0.17353371640892146, 4.633632320047276), (-0.4168621982605716, -0.6813284463333256), (3.129730490266539, 3.494941202325732), (3.7166452798196286, 1.3012387785895152), (0.8375870958633378, 4.1681647178201295), (-0.8122864237282599, 4.860792354319148), (2.139589809981695, 2.960290022421196)]
3. Soluciones: 
[(0.4276949634708857, 0.4367244995573234), (0.5661427397711174, 0.4367244995573234), (0.5661427397711174, 0.4367244995573234), (-0.4168621982605716, -0.6143266851169171), (-0.4168621982605716, -0.6813284463333256), (-0.04893292964644114, 0.8258300793960229), (0.7505230892914057, -0.37324991185667455), (0.020151000844734313, 0.8832252463585812), (-0.4800063925781348, 0.8258300793960229), (0.020151000844734313, 1.0142570959237993), (0.5661427397711174, 0.4367244995573234), (0.6986124152781752, -2.475895112198674), (1.1566856992041394, -2.6596280920152915), (3.8492898267927664, -3.6621136145519984), (2.9150865428343025, 4.809782797045143), (2.4551574597483476, -0.014570832239124698), (0.8713021204240645, -2.7596716241608754), (0.030696029091767052, 3.2257528623070133), (3.7904433536559363, -0.7484290243218048), (4.053440064125557, 0.21276570829204733)]
4. Soluciones: 
[(0.020151000844734313, 0.10846087277758909), (0.4505027142368743, -0.37324991185667455), (0.4276949634708857, 0.4367244995573234), (-0.11786984992021243, -0.6143266851169171), (0.5661427397711174, 0.4367244995573234), (0.5661427397711174, 0.4367244995573234), (0.5661427397711174, 0.4367244995573234), (-0.4168621982605716, -0.6143266851169171), (-0.04893292964644114, 0.7859682520511387), (-0.4168621982605716, -0.6813284463333256), (0.4276949634708857, 0.4367244995573234), (3.831653844309301, -4.629701918171469), (2.8110019153831267, 1.5012469109249151), (-3.2668612950431464, -2.852936926188484), (-3.9506568925654664, 3.257327318769258), (-4.383132082509783, -4.977236024300629), (0.9127168385994198, 3.6938603516313577), (4.244707302870262, -3.8720613032679765), (-0.8634500197701058, 3.506206480063028), (2.4824900016248774, -1.2272597012577102)]
5. Soluciones: 
[(-0.04893292964644114, 0.08619259085711006), (0.020151000844734313, 0.10446100113199246), (0.020151000844734313, 0.10846087277758909), (-0.19716604477045802, 0.4367244995573234), (0.4505027142368743, -0.37324991185667455), (0.4276949634708857, 0.4367244995573234), (0.4276949634708857, 0.4367244995573234), (-0.11786984992021243, -0.6143266851169171), (0.5661427397711174, 0.4367244995573234), (0.5661427397711174, 0.4367244995573234), (0.020151000844734313, 0.10846087277758909), (3.696753279621941, -4.340367685302878), (4.530894229205604, -0.48968255362796054), (-2.1108910730388972, -0.6594374705118469), (-2.709642654831028, -4.943779882149687), (-3.75326543824017, 2.3868781011085325), (1.9633466683823393, 1.7348269608178688), (2.9377762090772697, 3.9988277162674226), (1.8873333459383463, 1.3544430597020458), (-1.4851576000835474, -4.159961825246978)]
6. Soluciones: 
[(0.020151000844734313, 0.09610500312232069), (-0.04893292964644114, 0.08619259085711006), (0.020151000844734313, 0.10446100113199246), (0.020151000844734313, 0.10557031117522143), (0.020151000844734313, 0.10846087277758909), (0.020151000844734313, 0.10846087277758909), (-0.11080840911660661, 0.4367244995573234), (-0.15849878328418943, 0.4367244995573234), (-0.19716604477045802, 0.4367244995573234), (0.4505027142368743, -0.2823949260465249), (-0.04893292964644114, 0.08619259085711006), (-2.6750790105313573, -2.6757314398167544), (1.4805434522190115, -4.793719188155453), (-0.8756025850908324, 0.8716119642929785), (1.822427181860407, -2.7163704190830518), (3.368311536408097, -1.7726523443225792), (-2.45407548107901, -3.974515254494059), (-2.4595458667078063, -0.3596288545786699), (3.3507899189056527, -1.3528332363486895), (0.9897962876546904, -0.9008382424464143)]
7. Soluciones: 
[(0.020151000844734313, 0.09610500312232069), (-0.04893292964644114, 0.08619259085711006), (-0.04893292964644114, 0.08619259085711006), (0.020151000844734313, 0.09767707637574818), (0.020151000844734313, 0.10446100113199246), (0.020151000844734313, 0.10557031117522143), (0.020151000844734313, 0.10846087277758909), (0.020151000844734313, 0.10846087277758909), (-0.10118935743042849, 0.4367244995573234), (-0.11080840911660661, 0.4367244995573234), (0.020151000844734313, 0.09610500312232069), (1.6182779239298961, -3.853618035908876), (-1.0329103479175092, 0.153549901643256), (0.5829328837042755, -3.5705917587940905), (1.497771879167347, 4.937694381847685), (0.9682267203759594, 2.8340974684313682), (-1.1736903130116283, -2.9545552064296143), (0.05124487395001509, 2.294423925003187), (-3.4849293484602386, 4.492675497825028), (3.1423161170014087, 3.0458564822357417)]
8. Soluciones: 
[(-0.04893292964644114, -0.04413404708541366), (-0.030413675596630378, 0.08619259085711006), (0.020151000844734313, 0.08992225576517061), (0.020151000844734313, 0.09598781989713591), (0.020151000844734313, 0.09610500312232069), (0.020151000844734313, 0.09610500312232069), (-0.04893292964644114, 0.08619259085711006), (-0.04893292964644114, 0.08619259085711006), (0.020151000844734313, 0.09767707637574818), (0.020151000844734313, 0.10446100113199246), (0.020151000844734313, 0.09610500312232069), (-3.7751190065002516, -4.549153554794589), (0.8005752537647517, -2.686145661447373), (-1.414736300179963, 3.4446936578726177), (-1.4015144993117215, -2.866398416198618), (1.0114774469670538, -4.88581911805852), (1.0955292768342755, -0.6202235878069731), (-0.38463873524863246, -3.8989274224757775), (-2.699468879559549, -4.351694038765298), (-1.7364638816257472, 3.94438536438129)]
9. Soluciones: 
[(-0.03926187164479762, -0.04413404708541366), (-0.04893292964644114, -0.04413404708541366), (0.00839250925756211, 0.08619259085711006), (0.01545760132537441, 0.08619259085711006), (0.020151000844734313, 0.0888249560140575), (-0.030413675596630378, 0.08619259085711006), (0.020151000844734313, 0.08992225576517061), (0.020151000844734313, 0.09598781989713591), (0.020151000844734313, 0.09610500312232069), (0.020151000844734313, 0.09610500312232069), (-0.04893292964644114, -0.04413404708541366), (-1.5299408209279797, 0.6059593248421962), (-4.965938442743618, 2.0586650326437406), (4.95312851693771, 2.441776902999612), (-1.277417880271674, 0.20606291309463476), (3.1778304263717185, 3.924575681019837), (-4.155318575345975, 3.7030159868681203), (1.6568459589096847, 3.675168125486575), (4.624523697940262, -1.58250557067071), (2.438169559284079, 1.5430774788612398)]
10. Soluciones: 
[(-0.04893292964644114, -0.026560993496984125), (-0.03926187164479762, -0.04413404708541366), (-0.04893292964644114, -0.03579042133086962), (-0.04893292964644114, -0.04413404708541366), (-0.04893292964644114, -0.04413404708541366), (0.00839250925756211, 0.08619259085711006), (0.01545760132537441, 0.08619259085711006), (0.020151000844734313, 0.0888249560140575), (-0.030413675596630378, 0.08619259085711006), (0.020151000844734313, 0.08992225576517061), (-0.03926187164479762, -0.04413404708541366), (-3.171370374103165, 3.850253377653667), (1.4929389425184967, -1.9468432888896547), (-4.023169755926776, -1.392013311150977), (0.1021282726718784, 3.612413202603971), (1.9996610775340713, -0.9650773684634366), (-2.427714239266293, -2.0594267668133828), (-0.9348987981375325, 3.74414390876111), (-4.279223169239298, 3.679090758826286), (1.7271705946250213, -3.8161685128010534)]
11. Soluciones: 
[(-0.04893292964644114, -0.026560993496984125), (-0.03926187164479762, -0.04413404708541366), (-0.03926187164479762, -0.04413404708541366), (-0.04893292964644114, -0.03579042133086962), (-0.04893292964644114, -0.04413404708541366), (-0.04893292964644114, -0.04413404708541366), (0.00839250925756211, 0.08619259085711006), (0.01545760132537441, 0.08619259085711006), (0.020151000844734313, 0.0888249560140575), (-0.030413675596630378, 0.08619259085711006), (-0.04893292964644114, -0.026560993496984125), (4.263551865886029, 4.391273148640739), (1.33223622197443, -1.0286428458201389), (0.284494414790176, -3.242332439958293), (4.128378556473702, -0.6151270203557981), (-0.37346888970122194, 3.885363077840754), (1.87893879763301, 2.2177064400647906), (1.6855016534091325, 3.1197284022834566), (-2.413913737376472, -1.2562910186571283), (4.8757023315586405, -1.721912793109687)]
12. Soluciones: 
[(-0.04893292964644114, -0.026560993496984125), (-0.04893292964644114, -0.026560993496984125), (-0.04893292964644114, -0.028855287908299984), (-0.03926187164479762, -0.04413404708541366), (-0.03926187164479762, -0.04413404708541366), (-0.04893292964644114, -0.03579042133086962), (-0.04893292964644114, -0.04413404708541366), (-0.04893292964644114, -0.04413404708541366), (0.00839250925756211, 0.08619259085711006), (0.01545760132537441, 0.08619259085711006), (-0.04893292964644114, -0.026560993496984125), (-3.366817174868888, 4.283976667035205), (-2.2574664790139467, -1.8714259520263643), (2.0434792931386774, 4.561445978149974), (3.9718072312989303, -0.41952415233568985), (-0.0025784103949701986, 4.352261785513395), (-1.137356650420708, 0.8529198118702848), (-2.9401721853854945, 2.4673766042375274), (3.1997248953008857, 1.8101901433388896), (3.2817121138147325, -3.0552018167908415)]
13. Soluciones: 
[(0.00839250925756211, -0.026486605601529073), (-0.018310853140223727, -0.026560993496984125), (-0.03926187164479762, -0.02709683582705811), (-0.03926187164479762, -0.0299665430823478), (-0.03926187164479762, -0.03870360910841238), (-0.04893292964644114, -0.026560993496984125), (-0.04893292964644114, -0.026560993496984125), (-0.04893292964644114, -0.026560993496984125), (-0.04893292964644114, -0.028855287908299984), (-0.03926187164479762, -0.04413404708541366), (-0.04893292964644114, -0.026560993496984125), (-2.17068053445297, -3.3849553132322727), (0.8889722025548421, 1.0363509590342748), (1.3725535132271212, 3.7789482682434894), (2.4271461301240134, 3.0405402770753582), (-0.7543150249428106, -2.415974426722464), (0.38377185152079196, -2.1349507402670276), (0.11498616528775951, 1.6981724691139721), (-4.6878108110288625, 0.12038962330578684), (-3.22779299880657, -2.593310252979796)]
14. Soluciones: 
[(0.00839250925756211, -0.026486605601529073), (-0.018310853140223727, -0.026560993496984125), (-0.031027887495873457, -0.024900037795820274), (-0.03926187164479762, -0.024900037795820274), (-0.03926187164479762, -0.02709683582705811), (-0.03926187164479762, -0.0299665430823478), (-0.03926187164479762, -0.03870360910841238), (-0.04893292964644114, -0.026560993496984125), (-0.04893292964644114, -0.026560993496984125), (-0.04893292964644114, -0.026560993496984125), (0.00839250925756211, -0.026486605601529073), (-1.039284043135773, -1.1924989764847194), (3.95542708037995, -4.692229816972081), (1.0425163741211394, 0.9180953804828764), (-1.6070890277327488, 0.14503746411552587), (2.244352810285653, -4.8823331494320685), (-4.062058250521961, 1.8247859390534584), (-0.23428432636167962, -3.581776915484066), (4.984514269878574, -3.1991119509131147), (0.37200586948221215, -0.9256057112100962)]
15. Soluciones: 
[(0.00839250925756211, -0.026486605601529073), (0.00839250925756211, -0.026486605601529073), (-0.018310853140223727, -0.026560993496984125), (-0.028001078965372572, -0.026560993496984125), (-0.031027887495873457, -0.024900037795820274), (-0.03926187164479762, -0.024900037795820274), (-0.03926187164479762, -0.026811802570417292), (-0.03926187164479762, -0.02709683582705811), (-0.03926187164479762, -0.0299665430823478), (-0.03926187164479762, -0.03870360910841238), (0.00839250925756211, -0.026486605601529073), (-2.849788731400047, 1.7854703530604166), (-3.5908237442496693, 4.081542931955097), (3.7092948363500806, 0.7655359281781182), (4.527021767563314, 2.291913072690555), (4.582875154228374, -3.0955427382742573), (4.861512097795583, -2.0851221281651777), (-2.5273218873067083, 2.0676141845049), (4.548999005220189, -3.784369830972408), (-3.0903897695301454, -2.5933994156517937)]
16. Soluciones: 
[(-0.003475295063457437, -0.026486605601529073), (0.00839250925756211, -0.026486605601529073), (0.00839250925756211, -0.026486605601529073), (0.00839250925756211, -0.026486605601529073), (-0.0194432770714787, -0.024900037795820274), (-0.018310853140223727, -0.026560993496984125), (-0.028001078965372572, -0.026560993496984125), (0.008508942575726708, -0.03870360910841238), (-0.031027887495873457, -0.024900037795820274), (-0.03926187164479762, -0.012265987564147414), (0.00839250925756211, -0.026486605601529073), (-2.272870129764116, 4.943887619717753), (-2.247564803731643, 2.4662634673617445), (-4.615591541517372, 2.7076561777328187), (-0.5303411376903311, -1.8898842483544334), (-1.323872968350488, -2.4772373640848464), (-1.8205647927006274, 4.163488101444427), (-2.5755980770067746, 4.982408672579282), (-0.5232342335336373, 4.263478851039057), (-0.5677632366188874, 1.7531305229381653)]
17. Soluciones: 
[(-0.003475295063457437, -0.026486605601529073), (0.004344203799347772, -0.026486605601529073), (0.00839250925756211, -0.026486605601529073), (0.00839250925756211, -0.026486605601529073), (0.00839250925756211, -0.026486605601529073), (0.00839250925756211, -0.026486605601529073), (-0.02498128444597959, -0.012265987564147414), (-0.0194432770714787, -0.024900037795820274), (-0.018143156253923123, -0.026560993496984125), (-0.018310853140223727, -0.026560993496984125), (-0.003475295063457437, -0.026486605601529073), (-0.3244343750108154, -0.14147616430297472), (-2.61668346245828, -4.433035406788575), (-0.3810741399001403, 4.004702875896971), (-3.332799891731295, -1.9646105028063476), (0.015901320514571715, 1.5238117084765896), (-2.5630393182250613, 0.7606362687932577), (3.69544514425988, -3.367647752925432), (2.449846521944023, 4.335369297996007), (-3.8901820652179095, -0.22076171008065693)]
18. Soluciones: 
[(-0.003475295063457437, -0.026468966279395108), (-0.003475295063457437, -0.026486605601529073), (-0.003475295063457437, -0.026486605601529073), (0.004344203799347772, -0.026486605601529073), (0.004695757840756225, -0.026486605601529073), (0.00839250925756211, -0.026486605601529073), (0.00839250925756211, -0.026486605601529073), (0.00839250925756211, -0.026486605601529073), (0.00839250925756211, -0.026486605601529073), (-0.02498128444597959, -0.012265987564147414), (-0.003475295063457437, -0.026486605601529073), (-2.0795096216702467, 2.3610931756585893), (0.76242431803459, -0.3389833827803912), (-4.567570234681179, 0.22582604328719214), (2.162019970808654, 4.883888971579065), (3.912975652853099, 2.331628994516816), (1.6084778672265259, -1.3161492106083363), (-3.9098890034771916, 2.970775532316158), (0.5800230063903786, 0.34449958206849285), (1.4143081850894825, 4.01542534833248)]
19. Soluciones: 
[(0.0016708471669289265, -0.026486605601529073), (-0.003475295063457437, -0.026462928371559034), (-0.003475295063457437, -0.026468966279395108), (-0.003475295063457437, -0.026486605601529073), (-0.003475295063457437, -0.026486605601529073), (-0.003475295063457437, -0.026486605601529073), (0.004344203799347772, -0.026486605601529073), (0.004695757840756225, -0.026486605601529073), (0.00839250925756211, -0.026486605601529073), (0.00839250925756211, -0.026486605601529073), (-0.003475295063457437, -0.026468966279395108), (-2.9311093714623624, 0.3932053541072591), (-1.4200196987543814, 0.7776301956301541), (2.7478523896730174, 1.9903130281280044), (1.3324400277705264, -1.379033756293171), (-3.779458138007934, -1.5549827358388848), (-3.7443244021833944, 1.3270636340835935), (3.543032421968695, 3.4539507599438704), (-2.34241792794693, 4.395872274870735), (-0.3020940297973498, -3.1094621296197786)]
20. Soluciones: 
[(7.113792148773831e-05, -0.026468966279395108), (0.0016708471669289265, -0.026486605601529073), (-0.003475295063457437, -0.026462928371559034), (-0.003475295063457437, -0.026468966279395108), (-0.003475295063457437, -0.026468966279395108), (-0.003475295063457437, -0.026486605601529073), (-0.003475295063457437, -0.026486605601529073), (-0.003475295063457437, -0.026486605601529073), (0.004344203799347772, -0.026486605601529073), (0.004368785184977129, -0.026486605601529073), (0.0016708471669289265, -0.026486605601529073), (-0.29909735142552485, 1.026418033921268), (4.864586226059206, 0.5058609945205106), (-4.6667198564137, 2.6240920427860823), (3.059688994265672, 2.384102104873813), (-1.3570560624287733, 4.171838658632661), (4.238667974236181, 3.0912992763813136), (0.3086109656807139, -4.457040424934723), (-3.603325449385685, -2.943498176458329), (-2.1902405856585228, -4.704168018645683)]
21. Soluciones: 
[(7.113792148773831e-05, -0.026468966279395108), (0.0016708471669289265, -0.026486605601529073), (0.0016708471669289265, -0.026486605601529073), (-0.003475295063457437, -0.026462928371559034), (-0.003475295063457437, -0.026468966279395108), (-0.003475295063457437, -0.026468966279395108), (-0.003475295063457437, -0.026471208092335573), (-0.003475295063457437, -0.026486605601529073), (-0.003475295063457437, -0.026486605601529073), (-0.003475295063457437, -0.026486605601529073), (7.113792148773831e-05, -0.026468966279395108), (0.5633680788864144, 1.070640402070751), (4.867990683912092, 2.120023748262126), (-0.4717482725340201, -1.564751896048727), (4.376021974085534, -4.684593686070121), (-0.562883469597053, -0.629375063253037), (-3.9121678025270112, 3.7085826101247434), (0.8726203508782993, 0.10500984424264281), (2.115905843342939, 2.248315661136292), (1.251978832664717, 3.611746407479524)]
22. Soluciones: 
[(7.113792148773831e-05, -0.026468966279395108), (7.113792148773831e-05, -0.026468966279395108), (0.0016708471669289265, -0.026486605601529073), (0.0016708471669289265, -0.026486605601529073), (-0.003475295063457437, -0.026462928371559034), (-0.003475295063457437, -0.026468966279395108), (-0.003475295063457437, -0.026468966279395108), (-0.003475295063457437, -0.026471208092335573), (-0.003475295063457437, -0.026485437860309973), (-0.003475295063457437, -0.026486605601529073), (7.113792148773831e-05, -0.026468966279395108), (-4.2856072219829535, 3.1683171106167585), (4.061800198694668, -3.5493559490876834), (-0.704291861998434, 4.535816341009509), (-2.2672422183784704, 2.6099575357030957), (-0.2549321292835325, -3.8610450865765333), (-3.0390146531899354, 3.47882888836064), (2.8374279048383944, -3.777995374485842), (1.6169497912416242, 3.0570704758041494), (-4.199765856064963, 3.020936479976225)]
23. Soluciones: 
[(7.113792148773831e-05, -0.026468966279395108), (7.113792148773831e-05, -0.026468966279395108), (7.113792148773831e-05, -0.026468966279395108), (-0.0015358236795149458, -0.026471208092335573), (0.0016708471669289265, -0.026486605601529073), (0.0016708471669289265, -0.026486605601529073), (-0.003475295063457437, -0.026462928371559034), (-0.003475295063457437, -0.026468966279395108), (-0.003475295063457437, -0.026468966279395108), (-0.003475295063457437, -0.026471208092335573), (7.113792148773831e-05, -0.026468966279395108), (3.1013715265511355, 0.3385552489238641), (4.229918544035375, 4.014513991153718), (-3.8571546049016536, -2.250196059902385), (2.424293044929745, -1.963045601698262), (3.2225887345946784, 4.821763110442776), (2.1249691645498956, 2.252831162363388), (-3.279513816865114, 4.180951662273749), (-4.0015963521209565, 3.041351924440841), (4.134361097577409, 4.207590777374797)]
24. Soluciones: 
[(7.113792148773831e-05, -0.026468966279395108), (7.113792148773831e-05, -0.026468966279395108), (7.113792148773831e-05, -0.026468966279395108), (7.113792148773831e-05, -0.026468966279395108), (-0.0008290362834126128, -0.026460697273560593), (-0.0007590811718388407, -0.026471208092335573), (-0.0015358236795149458, -0.026471208092335573), (0.0016708471669289265, -0.02648216002554882), (0.0016708471669289265, -0.026486605601529073), (0.0016708471669289265, -0.026486605601529073), (7.113792148773831e-05, -0.026468966279395108), (-0.20395422208585234, 4.110277068383962), (4.873475625301477, -4.994449151457073), (-3.231856074858052, 3.931541008934177), (-1.7334077702059947, -4.557675992631296), (-1.4770814910125885, 2.049279727328079), (-1.2779491147277477, 2.452827611245155), (-1.0462632520781598, -4.92858946993262), (-1.4162200976557706, 2.3697613893484926), (-1.3595350541079378, -0.9392878795589912)]
25. Soluciones: 
[(7.113792148773831e-05, -0.026462286614211374), (7.113792148773831e-05, -0.026466846626523592), (7.113792148773831e-05, -0.026467446045012374), (7.113792148773831e-05, -0.026468966279395108), (7.113792148773831e-05, -0.026468966279395108), (7.113792148773831e-05, -0.026468966279395108), (7.113792148773831e-05, -0.026468966279395108), (7.113792148773831e-05, -0.026468966279395108), (-0.0008290362834126128, -0.026460697273560593), (-0.0007590811718388407, -0.026471208092335573), (7.113792148773831e-05, -0.026468966279395108), (0.875907344692493, -3.331956342173986), (-4.686236213235338, -2.830880796448041), (-2.6677464481009014, -0.6183095286000793), (3.187634251314387, -4.433304599839016), (-3.078841342791685, -1.0078580966307396), (0.18904946546589585, 4.547265099448147), (1.745706133322619, -3.9899485400792214), (1.4415427033456698, -2.9721273738196077), (-1.0331223920850876, 4.081274133780543)]
26. Soluciones: 
[(7.113792148773831e-05, -0.026461279589388372), (7.113792148773831e-05, -0.026462286614211374), (7.113792148773831e-05, -0.02646606371578114), (7.113792148773831e-05, -0.026466846626523592), (7.113792148773831e-05, -0.026467446045012374), (7.113792148773831e-05, -0.026468966279395108), (7.113792148773831e-05, -0.026468966279395108), (7.113792148773831e-05, -0.026468966279395108), (7.113792148773831e-05, -0.026468966279395108), (7.113792148773831e-05, -0.026468966279395108), (7.113792148773831e-05, -0.026462286614211374), (-3.7819909905374693, 3.48852847930927), (2.2104355625553644, 1.1570075181994168), (4.3720949484063105, -0.09191345402589235), (-0.3506095077741147, 4.459019208559575), (3.0793576474362574, 0.8240018371741362), (4.735179129897283, -2.0550289475324313), (4.499012609830283, -3.9876982022558916), (-0.10958288397546845, 0.13905258812456012), (-0.09831266176563691, -4.220086698693102)]
27. Soluciones: 
[(7.113792148773831e-05, -0.026457250908537837), (7.113792148773831e-05, -0.026461279589388372), (7.113792148773831e-05, -0.026462286614211374), (7.113792148773831e-05, -0.026462286614211374), (7.113792148773831e-05, -0.02646606371578114), (7.113792148773831e-05, -0.026466846626523592), (7.113792148773831e-05, -0.026467446045012374), (7.113792148773831e-05, -0.026468966279395108), (7.113792148773831e-05, -0.026468966279395108), (7.113792148773831e-05, -0.026468966279395108), (7.113792148773831e-05, -0.026461279589388372), (1.7279245901449105, -1.1993642254452865), (-1.4256761675745553, 4.971125401667075), (-1.1858597669802542, -1.5324930863808728), (-4.429407616629758, -0.9064768898608664), (-2.7783635210334676, 4.208823503800154), (1.8453568160417966, -0.8879803643110131), (4.045965818341342, 0.2835792901491505), (1.5338001827250425, 2.939208858543517), (-3.444204459732126, 3.7389861274847362)]
28. Soluciones: 
[(7.113792148773831e-05, -0.026457250908537837), (7.113792148773831e-05, -0.026461279589388372), (7.113792148773831e-05, -0.026461279589388372), (7.113792148773831e-05, -0.026462286614211374), (7.113792148773831e-05, -0.026462286614211374), (7.113792148773831e-05, -0.02646606371578114), (7.113792148773831e-05, -0.026466846626523592), (7.113792148773831e-05, -0.026467446045012374), (7.113792148773831e-05, -0.026468966279395108), (7.113792148773831e-05, -0.026468966279395108), (7.113792148773831e-05, -0.026457250908537837), (-0.7691894865206521, 3.46724047651108), (-3.3211969822659904, 1.7005334322724526), (-4.918561937185303, 0.2510494958028344), (0.0649414192744242, -2.739654723580646), (2.452609573358359, -2.9116007563976942), (3.2460660623497457, -3.7245629755567853), (0.5030631842108626, -0.7361010249873488), (-1.5751278668118829, 0.9505598932083545), (3.2636998965426205, -3.1824283447685477)]
29. Soluciones: 
[(7.113792148773831e-05, -0.026457250908537837), (7.113792148773831e-05, -0.026457250908537837), (7.113792148773831e-05, -0.026461279589388372), (7.113792148773831e-05, -0.026461279589388372), (7.113792148773831e-05, -0.026462286614211374), (7.113792148773831e-05, -0.026462286614211374), (7.113792148773831e-05, -0.02646592513876971), (7.113792148773831e-05, -0.02646606371578114), (7.113792148773831e-05, -0.026466846626523592), (7.113792148773831e-05, -0.026467446045012374), (7.113792148773831e-05, -0.026457250908537837), (1.7269128428176845, 3.625253805989624), (2.4696622053624377, -0.21461598385264047), (-1.5240285864493996, -0.562607760815478), (2.1803848849322556, 4.534257085954938), (-3.5929150069151605, 2.422657203179667), (-3.4865852567257383, 2.250583385994455), (4.221866427276595, 3.4970105790664423), (-1.6083081769903496, -0.8756462119068873), (-4.976493106704493, 3.6215861519401997)]
30. Soluciones: 
[(7.113792148773831e-05, -0.02645488690921068), (7.113792148773831e-05, -0.026457250908537837), (7.113792148773831e-05, -0.026457250908537837), (7.113792148773831e-05, -0.026457250908537837), (7.113792148773831e-05, -0.02645954191367991), (7.113792148773831e-05, -0.026461279589388372), (7.113792148773831e-05, -0.026461279589388372), (7.113792148773831e-05, -0.026462286614211374), (7.113792148773831e-05, -0.026462286614211374), (7.113792148773831e-05, -0.02646592513876971), (7.113792148773831e-05, -0.026457250908537837), (-4.537876398976833, -0.9115373991025866), (-2.887797333905583, 4.263497298899328), (-2.2901269035591234, 1.7267659455426312), (0.04650301522262268, -0.9974723574981672), (-3.6042440668275786, -1.324955261925973), (-2.115680938749298, 1.6642937882457263), (-2.3891785907761385, -1.4151787045298159), (1.6141455246967231, 4.863657937947254), (-1.4906625508966398, 2.7828756666925116)]
31. Soluciones: 
[(7.113792148773831e-05, -0.026449549238211755), (7.113792148773831e-05, -0.02645488690921068), (7.113792148773831e-05, -0.026457250908537837), (7.113792148773831e-05, -0.026457250908537837), (7.113792148773831e-05, -0.026457250908537837), (7.113792148773831e-05, -0.026457250908537837), (7.113792148773831e-05, -0.026457671449991435), (7.113792148773831e-05, -0.02645954191367991), (7.113792148773831e-05, -0.026461279589388372), (7.113792148773831e-05, -0.026461279589388372), (7.113792148773831e-05, -0.02645488690921068), (2.631365918680123, -2.0428229256359076), (4.443153870047054, 4.129289008641239), (-4.485774325755207, -0.9439986583488942), (1.7175752192078884, -4.732379928810286), (4.814221415641667, -4.439711316345727), (-2.497668498201885, -2.5855822904274905), (2.9943737903261516, -3.5934724038150767), (3.0498398908748303, -4.1622307632197), (1.5714796998355531, -3.036894264111388)]
32. Soluciones: 
[(7.113792148773831e-05, -0.02643988353910193), (7.113792148773831e-05, -0.026449549238211755), (7.113792148773831e-05, -0.02645176538910013), (7.113792148773831e-05, -0.0264548141404301), (7.113792148773831e-05, -0.02645488690921068), (7.113792148773831e-05, -0.02645488690921068), (7.113792148773831e-05, -0.026457250908537837), (7.113792148773831e-05, -0.026457250908537837), (7.113792148773831e-05, -0.026457250908537837), (7.113792148773831e-05, -0.026457250908537837), (7.113792148773831e-05, -0.026449549238211755), (-3.630596328045985, 1.9687118133963057), (-3.899391255639766, 1.314059614942976), (-2.9420628709327703, 3.272546767625432), (-2.796847688503349, 4.67987444138085), (-1.3941355723246551, 4.64603664325737), (0.053625526949746316, 0.8701543725565895), (-4.576802707048398, 3.3100577641257303), (-4.19907515988768, -2.9630346492505133), (-0.2688379827102665, -3.83029822815822)]
33. Soluciones: 
[(7.113792148773831e-05, -0.02643988353910193), (7.113792148773831e-05, -0.026449549238211755), (7.113792148773831e-05, -0.026449549238211755), (7.113792148773831e-05, -0.026450642094220565), (7.113792148773831e-05, -0.02645176538910013), (7.113792148773831e-05, -0.0264548141404301), (7.113792148773831e-05, -0.02645488690921068), (7.113792148773831e-05, -0.02645488690921068), (7.113792148773831e-05, -0.026456005162952177), (7.113792148773831e-05, -0.026457250908537837), (7.113792148773831e-05, -0.02643988353910193), (-2.2980484550389892, 2.75762577136371), (3.161356245819963, 2.4924481154663187), (-4.1886457372038794, -2.9372854792241574), (-0.23956011658519127, 3.6455436927321276), (4.538297754467157, -4.152643318760499), (-4.365567296509444, -0.35260406474437467), (3.292404647636971, -3.486592498075607), (2.016481784450024, -1.6465742642153414), (1.5617486972621428, 3.0272335211144608)]
34. Soluciones: 
[(7.113792148773831e-05, -0.02643988353910193), (7.113792148773831e-05, -0.02643988353910193), (7.113792148773831e-05, -0.026449549238211755), (7.113792148773831e-05, -0.026449549238211755), (7.113792148773831e-05, -0.026450642094220565), (7.113792148773831e-05, -0.02645176538910013), (7.113792148773831e-05, -0.02645360844522184), (7.113792148773831e-05, -0.0264548141404301), (7.113792148773831e-05, -0.02645488690921068), (7.113792148773831e-05, -0.02645488690921068), (7.113792148773831e-05, -0.02643988353910193), (-0.48384181840097007, 1.341725599872209), (-2.0171698521194936, 2.3433822440007983), (-4.812784343498969, 4.515890948369849), (-2.7064957088001993, -3.6613012488215793), (-0.8265873041287319, -1.4563567682672183), (-4.073800486382275, -3.540998867951023), (4.516899287846927, 0.14099671650699275), (-1.3074201383666884, 0.46230071648120674), (0.07994384335125027, -3.316819277594245)]
35. Soluciones: 
[(7.113792148773831e-05, -0.026437040525441272), (7.113792148773831e-05, -0.02643988353910193), (7.113792148773831e-05, -0.02643988353910193), (7.113792148773831e-05, -0.02643988353910193), (7.113792148773831e-05, -0.026449549238211755), (7.113792148773831e-05, -0.026449549238211755), (7.113792148773831e-05, -0.026450642094220565), (7.113792148773831e-05, -0.02645176538910013), (7.113792148773831e-05, -0.02645360844522184), (7.113792148773831e-05, -0.0264548141404301), (7.113792148773831e-05, -0.02643988353910193), (-2.138077935062732, -2.1022850589130515), (-3.656204594524363, -1.3606880927962575), (1.5596490749075453, -0.10038528151750103), (1.571031859081292, 3.382097262020501), (4.083832492074613, 2.5149082184187677), (2.137819500049062, 1.7495997648668329), (-3.9018919653882222, -1.7899301623642652), (-3.5065025892016854, -3.380184036381466), (-0.5396324697042356, 0.8825937874481724)]
36. Soluciones: 
[(7.113792148773831e-05, -0.026434843873560647), (7.113792148773831e-05, -0.02643504976033995), (7.113792148773831e-05, -0.026437040525441272), (7.113792148773831e-05, -0.02643988353910193), (7.113792148773831e-05, -0.02643988353910193), (7.113792148773831e-05, -0.02643988353910193), (7.113792148773831e-05, -0.02643988353910193), (7.113792148773831e-05, -0.026449549238211755), (7.113792148773831e-05, -0.026449549238211755), (7.113792148773831e-05, -0.026450642094220565), (7.113792148773831e-05, -0.026437040525441272), (-1.2141550539331245, 3.602987899731243), (-4.654602072070048, -0.6993953260755879), (0.7527494135015713, 0.04631172892447655), (-1.3272667045802935, -3.842727076340926), (-4.0735484869236505, -0.9067401941243505), (3.7716500277381666, -0.9609408737653808), (0.9852182887215202, 3.4211420882750794), (-4.978459303402758, 4.237811030862854), (3.9696519372297985, -3.235065448873823)]
37. Soluciones: 
[(7.113792148773831e-05, -0.026434843873560647), (7.113792148773831e-05, -0.02643504976033995), (7.113792148773831e-05, -0.026437040525441272), (7.113792148773831e-05, -0.026437040525441272), (7.113792148773831e-05, -0.02643988353910193), (7.113792148773831e-05, -0.02643988353910193), (7.113792148773831e-05, -0.02643988353910193), (7.113792148773831e-05, -0.02643988353910193), (7.113792148773831e-05, -0.026449549238211755), (7.113792148773831e-05, -0.026449549238211755), (7.113792148773831e-05, -0.026434843873560647), (3.155553216211654, 0.2975910696460593), (-4.582433944609205, 1.9941461199582395), (-4.839376201310488, 4.372302974261411), (2.7617183035145176, -4.308211114326909), (-3.9168447846475765, -2.0842933727666857), (1.7347276235606737, -2.185590128943459), (-2.816923970347055, -4.32547441435071), (-4.659733116822405, -2.269084602996023), (-3.276526988322501, 0.37085746512016904)]
38. Soluciones: 
[(7.113792148773831e-05, -0.0264324586420702), (7.113792148773831e-05, -0.02643380002156729), (7.113792148773831e-05, -0.026434843873560647), (7.113792148773831e-05, -0.026434843873560647), (7.113792148773831e-05, -0.02643504976033995), (7.113792148773831e-05, -0.026437040525441272), (7.113792148773831e-05, -0.026437040525441272), (7.113792148773831e-05, -0.02643988353910193), (7.113792148773831e-05, -0.02643988353910193), (7.113792148773831e-05, -0.02643988353910193), (7.113792148773831e-05, -0.026434843873560647), (-4.724630540095357, -1.536248407677526), (0.49992381824922827, -3.1906850100192274), (-1.2503532246232494, 4.436052273151132), (1.3019548881997336, -3.942304650866255), (-0.18375013989008337, 2.1216314847560085), (3.801690266507702, -2.1704006642841733), (-1.7898374714274947, -0.9463916062549584), (-4.910871487701517, -2.3093364565063923), (2.4721205664233743, -3.3771288814739098)]
39. Soluciones: 
[(7.113792148773831e-05, -0.0264324586420702), (7.113792148773831e-05, -0.02643380002156729), (7.113792148773831e-05, -0.026434843873560647), (7.113792148773831e-05, -0.026434843873560647), (7.113792148773831e-05, -0.026434843873560647), (7.113792148773831e-05, -0.02643504976033995), (7.113792148773831e-05, -0.026437040525441272), (7.113792148773831e-05, -0.026437040525441272), (7.113792148773831e-05, -0.02643988353910193), (7.113792148773831e-05, -0.02643988353910193), (7.113792148773831e-05, -0.0264324586420702), (-0.23207408016609588, -3.5043096932393905), (0.1515667544228929, -3.970217987099777), (2.594155838025979, 4.365241360959347), (1.7847568491439745, 3.3078856154349925), (0.895836166439822, 4.5124214984106015), (2.863955366454473, 2.17360049466384), (-0.9757748493364282, 1.2947224742060337), (3.2049025398037454, 2.7022062408615035), (-2.0368164137280442, 0.9464994105739155)]
40. Soluciones: 
[(7.113792148773831e-05, -0.0264324586420702), (7.113792148773831e-05, -0.0264324586420702), (7.113792148773831e-05, -0.026432804088059238), (7.113792148773831e-05, -0.02643327327149289), (7.113792148773831e-05, -0.02643380002156729), (7.113792148773831e-05, -0.026434843873560647), (7.113792148773831e-05, -0.026434843873560647), (7.113792148773831e-05, -0.026434843873560647), (7.113792148773831e-05, -0.026434873986116148), (7.113792148773831e-05, -0.02643504976033995), (7.113792148773831e-05, -0.0264324586420702), (4.0181653643615896, 1.4637555046281268), (3.440769800903583, -4.061714607791135), (1.5033767769276762, 2.2123843618127754), (-0.9203881082643743, -3.5404706861595505), (0.5918609319826196, 4.035810615215883), (-2.969146120680808, 4.0860787035525785), (-2.376016490737951, 3.18562710158384), (2.2603250282200804, 2.3933572528569416), (-2.709212329276469, 4.707809798911704)]
41. Soluciones: 
[(7.113792148773831e-05, -0.026432176000920942), (7.113792148773831e-05, -0.0264324586420702), (7.113792148773831e-05, -0.0264324586420702), (7.113792148773831e-05, -0.0264324586420702), (7.113792148773831e-05, -0.026432804088059238), (7.113792148773831e-05, -0.02643327327149289), (7.113792148773831e-05, -0.02643380002156729), (7.113792148773831e-05, -0.026434843873560647), (7.113792148773831e-05, -0.026434843873560647), (7.113792148773831e-05, -0.026434843873560647), (7.113792148773831e-05, -0.0264324586420702), (0.676404226092485, -0.044575169021018546), (2.603450483049066, 4.558117487803008), (0.8978505339469134, -1.1197143032154222), (4.301189095565313, -0.3242383201853798), (-3.3448658292455438, 2.801925872141103), (-1.1452916904936563, -1.158423468360387), (0.726139234823302, 0.5940076494229913), (-3.3869512058288906, -3.5144753349600775), (3.8774655143084438, 2.1281924070719302)]
42. Soluciones: 
[(7.113792148773831e-05, -0.02643113554835394), (7.113792148773831e-05, -0.026432176000920942), (7.113792148773831e-05, -0.026432308609805923), (7.113792148773831e-05, -0.0264324586420702), (7.113792148773831e-05, -0.0264324586420702), (7.113792148773831e-05, -0.0264324586420702), (7.113792148773831e-05, -0.0264324586420702), (7.113792148773831e-05, -0.026432804088059238), (7.113792148773831e-05, -0.02643327327149289), (7.113792148773831e-05, -0.026433378258504527), (7.113792148773831e-05, -0.026432176000920942), (-0.03532461994885061, -3.3306842898804554), (-3.780669860438169, 0.02143761096322372), (2.5332583380147797, -0.518053458969101), (-0.41070980429309767, -0.03198891117654412), (-2.9764625105066678, 0.01833273793123613), (2.549149907963251, 3.088122574118504), (3.4696893158788793, -0.7462104153856384), (-1.5239068149323387, 3.5812028475182576), (-1.1556429172172988, 3.6052089630908775)]
43. Soluciones: 
[(7.113792148773831e-05, 0.004634246340329953), (7.113792148773831e-05, -0.02643113554835394), (7.113792148773831e-05, -0.026432176000920942), (7.113792148773831e-05, -0.026432176000920942), (7.113792148773831e-05, -0.026432308609805923), (7.113792148773831e-05, -0.0264324586420702), (7.113792148773831e-05, -0.0264324586420702), (7.113792148773831e-05, -0.0264324586420702), (7.113792148773831e-05, -0.0264324586420702), (7.113792148773831e-05, -0.026432676684609163), (7.113792148773831e-05, -0.02643113554835394), (0.5225939535466049, 3.292679749472903), (2.35670006753608, -3.529920765292708), (2.0740329057966935, -0.8976864289542155), (-0.47591272303167376, 2.438776067144963), (2.7420163052575264, 4.782829245865756), (-4.933914226459378, -2.6959488957682796), (-3.094459758220023, 4.022871326703427), (3.9190187834584975, 0.704609295962566), (-2.072241644146835, 1.5734745765464906)]
44. Soluciones: 
[(7.113792148773831e-05, 0.004634246340329953), (7.113792148773831e-05, -0.02643113554835394), (7.113792148773831e-05, -0.02643113554835394), (7.113792148773831e-05, -0.026432176000920942), (7.113792148773831e-05, -0.026432176000920942), (7.113792148773831e-05, -0.026432308609805923), (7.113792148773831e-05, -0.0264324586420702), (7.113792148773831e-05, -0.0264324586420702), (7.113792148773831e-05, -0.0264324586420702), (7.113792148773831e-05, -0.0264324586420702), (7.113792148773831e-05, 0.004634246340329953), (3.0477478575171837, 1.35560773027062), (-3.4283412505674304, 4.381868445198714), (-4.039195023242815, 2.6933483436372416), (0.5296060356129848, -3.6169189999649243), (0.04139626965215193, -3.923584402768865), (-3.5171791151794674, -3.936523324124418), (-4.355295222598538, 3.9525604911925996), (1.52096085150845, -3.3587982860407184), (-0.27394301210501837, -2.4933516852755178)]
45. Soluciones: 
[(7.113792148773831e-05, 0.004634246340329953), (7.113792148773831e-05, 0.004634246340329953), (7.113792148773831e-05, -0.02643113554835394), (7.113792148773831e-05, -0.02643113554835394), (7.113792148773831e-05, -0.026432126444803094), (7.113792148773831e-05, -0.026432176000920942), (7.113792148773831e-05, -0.026432176000920942), (7.113792148773831e-05, -0.026432308609805923), (7.113792148773831e-05, -0.0264324586420702), (7.113792148773831e-05, -0.0264324586420702), (7.113792148773831e-05, 0.004634246340329953), (3.9979814269333662, 0.6105678631336255), (-4.910700486019622, -2.1235309015465886), (3.5971959616716767, 3.0842815153528207), (-3.7348989697918054, -2.1244628513691586), (1.8327664514578723, 0.6721357497599367), (-0.9491529976519573, 0.1385473977859384), (0.606940563144831, -1.7564599778371957), (3.950539359096636, 3.1803501555820155), (3.5788425956184717, 0.5151030156005678)]
46. Soluciones: 
[(7.113792148773831e-05, 0.004634246340329953), (7.113792148773831e-05, 0.004634246340329953), (7.113792148773831e-05, 0.004634246340329953), (7.113792148773831e-05, -0.02643113554835394), (7.113792148773831e-05, -0.02643113554835394), (7.113792148773831e-05, -0.026431978258538883), (7.113792148773831e-05, -0.026432126444803094), (7.113792148773831e-05, -0.026432176000920942), (7.113792148773831e-05, -0.026432176000920942), (7.113792148773831e-05, -0.026432308609805923), (7.113792148773831e-05, 0.004634246340329953), (-0.23809581508959887, -2.193961143375037), (-3.7728725183360066, -2.269784208396619), (-1.0576225793747804, 0.6847067020214945), (-1.7582328827570972, -1.3210429641584231), (-3.4769636929239134, -4.926851048913983), (-4.663883977192924, 4.926796512314565), (-4.849924279960534, -1.3062909718132119), (-3.383915635494775, 4.033358582380769), (3.9002791336585467, -3.8839720611731465)]
47. Soluciones: 
[(7.113792148773831e-05, 0.0007835700654996759), (7.113792148773831e-05, 0.004634246340329953), (7.113792148773831e-05, 0.004634246340329953), (7.113792148773831e-05, 0.004634246340329953), (7.113792148773831e-05, 0.004634246340329953), (7.113792148773831e-05, -0.02643113554835394), (7.113792148773831e-05, -0.02643113554835394), (7.113792148773831e-05, -0.026431940686142883), (7.113792148773831e-05, -0.026431978258538883), (7.113792148773831e-05, -0.026432126444803094), (7.113792148773831e-05, 0.004634246340329953), (-4.146142233757405, 3.6109735263691736), (1.028989129996658, 1.3997683668959704), (1.4029074861738327, 1.5666727007281906), (-2.8888152282437685, -3.9634600221809766), (-1.9875683938031727, 2.3153565468465214), (-4.4712674392434515, 0.48230405520099495), (-0.33829479843192267, 4.2104834861698635), (-1.2343053469661234, 4.033844780386055), (-4.188129906196912, 2.6518803288135633)]
48. Soluciones: 
[(7.113792148773831e-05, 0.0007835700654996759), (7.113792148773831e-05, 0.004634246340329953), (7.113792148773831e-05, 0.004634246340329953), (7.113792148773831e-05, 0.004634246340329953), (7.113792148773831e-05, 0.004634246340329953), (7.113792148773831e-05, 0.004634246340329953), (7.113792148773831e-05, -0.02643113554835394), (7.113792148773831e-05, -0.02643113554835394), (7.113792148773831e-05, -0.026431940686142883), (7.113792148773831e-05, -0.026431978258538883), (7.113792148773831e-05, 0.0007835700654996759), (0.059112761035979844, 1.3083469242996522), (-1.6921889897863274, -1.9196235381052085), (-2.004558446829429, 4.069777976402685), (1.5087971664019895, 1.3603723470183269), (0.97799373925662, 1.0925050279858315), (-4.984988998573369, 2.2643870208870434), (4.128814172144576, -4.806020863778046), (-2.0669355766875395, -0.26584249841145535), (1.9805310496342399, 1.7273782016213826)]
49. Soluciones: 
[(7.113792148773831e-05, 0.0007835700654996759), (7.113792148773831e-05, 0.0007835700654996759), (7.113792148773831e-05, 0.004634246340329953), (7.113792148773831e-05, 0.004634246340329953), (7.113792148773831e-05, 0.004634246340329953), (7.113792148773831e-05, 0.004634246340329953), (7.113792148773831e-05, 0.004634246340329953), (7.113792148773831e-05, -0.026430612499729132), (7.113792148773831e-05, -0.02643113554835394), (7.113792148773831e-05, -0.02643113554835394), (7.113792148773831e-05, 0.0007835700654996759), (1.823628922695974, 2.213783393667523), (2.4379282082439495, -0.003406419802316485), (1.9688266663107434, 1.0645918484492913), (-0.3736251099907095, 3.3943572572186653), (-4.460479192165724, 3.406558116203275), (3.9398905018367127, 4.7774223753630665), (-1.5034496823931542, -4.643251457296747), (0.40050019916576307, -1.7234384684487414), (-1.4614641455583244, -1.4463735451819861)]
50. Soluciones: 
[(7.113792148773831e-05, 0.0007835700654996759), (7.113792148773831e-05, 0.0007835700654996759), (7.113792148773831e-05, 0.0007835700654996759), (7.113792148773831e-05, 0.0009265102325629283), (7.113792148773831e-05, 0.004634246340329953), (7.113792148773831e-05, 0.004634246340329953), (7.113792148773831e-05, 0.004634246340329953), (7.113792148773831e-05, 0.004634246340329953), (7.113792148773831e-05, 0.004634246340329953), (7.113792148773831e-05, -0.02643013180409745), (7.113792148773831e-05, 0.0007835700654996759), (-2.1030851500117698, -2.983201255952369), (3.436702091946053, -0.637577085540892), (4.91050695033298, -1.6649506489665655), (-0.9328659790855109, -1.2712037594920647), (0.8325470256156278, 2.8850102679237875), (1.0403162090442262, -4.164658962709736), (1.6141701513175573, -3.4376225710186237), (3.2637017187460398, -0.5488614864597894), (1.7067396854896666, 3.802664423715095)]
La mejor solución es: ((7.113792148773831e-05, 0.0007835700654996759), 5, 6.190426514207621e-07)